NODE_1_length_328857_cov_4.694011:44234-47252	NP_282183.1	99.701	1005	3	0	1	1005	1	1005	0.0	1974
NODE_1_length_328857_cov_4.694011:97539-97932	ZP_03222598.1	100.000	130	0	0	1	130	1	130	1.48e-92	261
NODE_1_length_328857_cov_4.694011:225444-226071	ZP_03222996.1	100.000	208	0	0	1	208	1	208	1.75e-150	414
NODE_2_length_235514_cov_4.705178:19622-20372	NP_282484.1	28.649	185	98	6	39	193	44	224	2.28e-12	63.9
NODE_2_length_235514_cov_4.705178:59514-59682	YP_178296.1	85.366	41	6	0	9	49	242	282	1.88e-18	73.6
NODE_2_length_235514_cov_4.705178:195273-196983	YP_001398628.1	36.000	50	30	1	3	50	194	243	1.4	29.3
NODE_2_length_235514_cov_4.705178:233767-234634	YP_001482044.1	100.000	288	0	0	1	288	1	288	0.0	582
NODE_3_length_183819_cov_4.702295:30127-30241	YP_001001234.1	100.000	37	0	0	1	37	1	37	7.18e-21	73.2
NODE_3_length_183819_cov_4.702295:49721-50723	YP_001483090.1	99.700	333	1	0	1	333	3	335	0.0	650
NODE_3_length_183819_cov_4.702295:71680-71953	YP_001398916.1	98.889	90	1	0	1	90	1	90	8.67e-63	182
NODE_3_length_183819_cov_4.702295:121539-122085	NP_282607.1	31.481	54	32	3	2	54	31	80	6.2	25.0
NODE_4_length_114040_cov_4.674140:44990-47231	YP_179665.1	99.866	746	1	0	1	746	189	934	0.0	1552
NODE_5_length_100150_cov_4.719355:64037-64172	ZP_01069296.1	100.000	31	0	0	14	44	45	75	2.24e-17	65.5
NODE_5_length_100150_cov_4.719355:64172-64535	YP_001000613.1	100.000	119	0	0	2	120	1	119	6.13e-82	233
NODE_5_length_100150_cov_4.719355:64867-64999	YP_001397883.1	45.000	20	11	0	10	29	55	74	2.3	22.3
NODE_6_length_63749_cov_4.718432:10211-10316	YP_001397277.1	45.455	11	6	0	6	16	108	118	9.9	20.0
NODE_6_length_63749_cov_4.718432:53224-53482	YP_178154.1	98.824	85	1	0	1	85	1	85	3.42e-59	173
NODE_7_length_61609_cov_4.649662:23586-23799	YP_001398821.1	30.189	53	28	2	4	47	710	762	0.53	25.4
NODE_11_length_43252_cov_4.772693:10918-11113	ZP_01072064.1	91.429	35	3	0	1	35	147	181	1.21e-08	46.2
NODE_14_length_35277_cov_4.823807:12816-12906	NP_282201.1	45.000	20	11	0	1	20	1023	1042	9.3	20.0
NODE_14_length_35277_cov_4.823807:13111-13207	YP_001481612.1	33.333	30	17	1	2	31	1091	1117	5.5	20.8
NODE_14_length_35277_cov_4.823807:14785-16657	ZP_01069480.1	98.876	623	7	0	1	623	1	623	0.0	1224
NODE_15_length_32274_cov_4.900208:30578-30713	YP_999965.1	41.176	17	10	0	21	37	169	185	1.9	22.7
NODE_15_length_32274_cov_4.900208:30860-30989	YP_001397949.1	36.111	36	20	1	4	36	21	56	2.5	22.3
NODE_22_length_10467_cov_4.952936:8126-8273	ZP_03223187.1	38.462	26	16	0	2	27	55	80	6.8	21.6
NODE_1_length_328857_cov_4.694011:96820-97483	YP_179209.1	100.000	220	0	0	1	220	1	220	3.73e-156	429
NODE_1_length_328857_cov_4.694011:99157-99997	YP_001000866.1	35.000	40	18	3	177	211	42	78	7.0	25.4
NODE_1_length_328857_cov_4.694011:105570-106743	YP_001397889.1	38.636	44	25	2	235	276	5	48	1.4	28.1
NODE_1_length_328857_cov_4.694011:169227-170343	YP_001482670.1	99.730	371	1	0	1	371	1	371	0.0	754
NODE_1_length_328857_cov_4.694011:264442-264937	YP_001000549.1	34.884	43	26	1	119	159	215	257	3.1	25.8
NODE_2_length_235514_cov_4.705178:58376-58802	YP_178295.1	88.571	140	16	0	2	141	71	210	5.20e-89	255
NODE_2_length_235514_cov_4.705178:174827-175034	YP_001481613.1	31.250	32	20	1	38	69	253	282	9.8	21.9
NODE_2_length_235514_cov_4.705178:213044-214853	YP_001482062.1	100.000	602	0	0	1	602	1	602	0.0	1222
NODE_3_length_183819_cov_4.702295:62851-63277	YP_001001271.1	99.291	141	1	0	1	141	5	145	3.09e-99	279
NODE_3_length_183819_cov_4.702295:85316-86465	YP_178916.1	27.273	55	34	2	123	172	80	133	9.4	25.8
NODE_3_length_183819_cov_4.702295:87119-87233	ZP_01072313.1	29.412	34	24	0	3	36	147	180	5.7	21.2
NODE_3_length_183819_cov_4.702295:104496-105330	YP_001398116.1	32.432	37	25	0	37	73	31	67	3.3	26.6
NODE_4_length_114040_cov_4.674140:1453-2212	ZP_01069525.1	29.231	65	45	1	2	65	7	71	3.0	25.8
NODE_4_length_114040_cov_4.674140:5494-5944	YP_179344.1	30.000	40	22	2	100	133	117	156	1.8	26.2
NODE_4_length_114040_cov_4.674140:70002-70269	ZP_03222851.1	100.000	88	0	0	1	88	1	88	1.87e-62	181
NODE_4_length_114040_cov_4.674140:71128-71350	YP_001482966.1	100.000	72	0	0	2	73	1	72	7.50e-50	148
NODE_5_length_100150_cov_4.719355:63943-64093	YP_001000612.1	97.059	34	1	0	13	46	13	46	9.78e-21	74.3
NODE_5_length_100150_cov_4.719355:64682-65009	YP_001398628.1	30.000	80	49	3	5	79	203	280	0.013	31.6
NODE_6_length_63749_cov_4.718432:23771-24425	YP_001397353.1	98.618	217	3	0	1	217	1	217	4.10e-158	434
NODE_7_length_61609_cov_4.649662:52037-52583	YP_178471.1	99.448	181	1	0	1	181	1	181	4.83e-136	375
NODE_9_length_58380_cov_4.738504:12382-14497	ZP_01100201.1	94.156	308	18	0	397	704	2	309	0.0	606
NODE_10_length_43447_cov_4.716071:16068-17193	NP_281918.1	30.667	75	46	2	139	212	140	209	0.97	28.9
NODE_11_length_43252_cov_4.772693:952-1591	YP_178507.1	35.484	31	20	0	139	169	202	232	4.3	25.8
NODE_11_length_43252_cov_4.772693:11546-11732	YP_001398182.1	40.625	32	19	0	18	49	123	154	0.98	24.3
NODE_11_length_43252_cov_4.772693:39029-40568	YP_178326.1	97.266	512	14	0	1	512	1	512	0.0	1022
NODE_13_length_38152_cov_4.681024:17442-18453	YP_001000016.1	29.688	64	37	3	180	237	271	332	3.6	26.9
NODE_13_length_38152_cov_4.681024:36249-37128	YP_001000481.1	99.315	292	2	0	1	292	1	292	0.0	562
NODE_27_length_1736_cov_4.887884:472-841	NP_281492.1	69.231	13	4	0	105	117	32	44	9.3	23.5
NODE_1_length_328857_cov_4.694011:148-907	YP_001398171.1	35.556	45	28	1	83	127	56	99	3.9	26.2
NODE_1_length_328857_cov_4.694011:2173-3529	YP_001398063.1	30.769	65	42	2	60	121	4	68	1.8	26.6
NODE_1_length_328857_cov_4.694011:4920-5904	YP_001398461.1	21.250	80	54	2	29	99	121	200	8.6	25.8
NODE_1_length_328857_cov_4.694011:5960-6521	YP_001397923.1	96.237	186	7	0	1	186	1	186	2.01e-134	371
NODE_1_length_328857_cov_4.694011:6521-7088	YP_001397922.1	95.745	188	8	0	1	188	1	188	2.72e-131	363
NODE_1_length_328857_cov_4.694011:7103-7676	YP_001482091.1	27.000	100	56	5	34	133	252	334	3.2	25.8
NODE_1_length_328857_cov_4.694011:7765-8863	ZP_03223321.1	28.571	42	30	0	126	167	101	142	9.1	25.8
NODE_1_length_328857_cov_4.694011:8976-9858	YP_001398326.1	58.333	24	10	0	58	81	182	205	7.8	25.4
NODE_1_length_328857_cov_4.694011:9937-11806	NP_281276.1	26.633	199	126	5	409	606	55	234	4.30e-05	43.1
NODE_1_length_328857_cov_4.694011:12945-13362	YP_001482299.1	46.875	32	13	1	1	28	1	32	0.71	26.9
NODE_1_length_328857_cov_4.694011:13369-14986	ZP_01099868.1	34.615	52	23	2	424	475	256	296	2.3	28.5
NODE_1_length_328857_cov_4.694011:20335-21457	YP_001482523.1	100.000	373	0	0	1	373	1	373	0.0	780
NODE_1_length_328857_cov_4.694011:21458-22226	YP_001482524.1	99.608	255	1	0	1	255	1	255	0.0	497
NODE_1_length_328857_cov_4.694011:26085-26781	YP_001483058.1	34.483	58	34	3	29	84	168	223	9.0	25.0
NODE_1_length_328857_cov_4.694011:30632-31748	ZP_03222656.1	37.143	35	20	1	57	91	297	329	5.9	26.6
NODE_1_length_328857_cov_4.694011:31778-32213	YP_001398403.1	22.034	59	46	0	38	96	4	62	9.5	23.9
NODE_1_length_328857_cov_4.694011:34011-35313	YP_001483060.1	48.485	33	14	1	360	389	65	97	0.37	30.4
NODE_1_length_328857_cov_4.694011:35794-36310	ZP_01069267.1	35.714	28	18	0	8	35	147	174	6.4	24.6
NODE_1_length_328857_cov_4.694011:39577-40222	YP_178647.1	42.857	35	15	1	136	165	2	36	3.0	25.8
NODE_1_length_328857_cov_4.694011:40298-42095	YP_001397706.1	35.294	34	14	1	466	499	227	252	8.9	26.9
NODE_1_length_328857_cov_4.694011:42220-43495	NP_282181.1	98.349	424	7	0	1	424	1	424	0.0	816
NODE_1_length_328857_cov_4.694011:43491-44232	YP_001482545.1	99.593	246	1	0	1	246	1	246	3.64e-178	487
NODE_1_length_328857_cov_4.694011:48802-49054	ZP_03222240.1	29.825	57	38	2	1	56	128	183	3.1	23.9
NODE_1_length_328857_cov_4.694011:49057-50503	YP_001482568.1	28.000	75	46	2	47	114	816	889	0.90	29.6
NODE_1_length_328857_cov_4.694011:50642-51806	YP_001482551.1	100.000	387	0	0	1	387	1	387	0.0	763
NODE_1_length_328857_cov_4.694011:51802-52831	YP_001482552.1	100.000	342	0	0	1	342	1	342	0.0	697
NODE_1_length_328857_cov_4.694011:53972-54824	YP_001000254.1	20.000	75	55	1	25	94	94	168	1.7	27.7
NODE_1_length_328857_cov_4.694011:54886-55777	YP_001000798.1	25.397	63	47	0	111	173	198	260	2.3	27.3
NODE_1_length_328857_cov_4.694011:57516-58293	NP_281925.1	36.667	30	19	0	68	97	577	606	5.3	26.2
NODE_1_length_328857_cov_4.694011:58295-59099	NP_282289.1	31.707	41	21	2	14	54	174	207	5.3	25.8
NODE_1_length_328857_cov_4.694011:65261-65861	YP_001398280.1	52.632	19	9	0	153	171	17	35	1.2	26.9
NODE_1_length_328857_cov_4.694011:65853-66555	YP_001001130.1	22.951	61	43	1	74	130	506	566	8.5	25.4
NODE_1_length_328857_cov_4.694011:74317-76291	YP_178880.1	24.528	53	40	0	429	481	3	55	6.2	25.4
NODE_1_length_328857_cov_4.694011:76302-77079	ZP_01069143.1	31.429	70	45	2	171	240	137	203	1.4	27.3
NODE_1_length_328857_cov_4.694011:77071-77245	NP_281569.1	33.333	27	18	0	21	47	52	78	3.0	22.7
NODE_1_length_328857_cov_4.694011:77241-78699	ZP_01072052.1	31.959	97	58	3	70	166	454	542	3.8	27.7
NODE_1_length_328857_cov_4.694011:80066-80177	YP_001397916.1	40.625	32	14	1	2	28	103	134	0.75	23.5
NODE_1_length_328857_cov_4.694011:83022-84111	NP_282212.1	98.895	362	4	0	1	362	1	362	0.0	721
NODE_1_length_328857_cov_4.694011:84122-84548	NP_282213.1	98.582	141	2	0	1	141	1	141	2.42e-102	286
NODE_1_length_328857_cov_4.694011:84610-85231	YP_001000743.1	100.000	206	0	0	1	206	1	206	9.24e-157	429
NODE_1_length_328857_cov_4.694011:85230-85836	YP_001397818.1	99.005	201	2	0	1	201	1	201	9.72e-147	404
NODE_1_length_328857_cov_4.694011:85960-86497	YP_001000745.1	99.438	178	1	0	1	178	1	178	2.00e-127	353
NODE_1_length_328857_cov_4.694011:86493-87600	ZP_01068652.1	98.098	368	7	0	1	368	1	368	0.0	712
NODE_1_length_328857_cov_4.694011:88445-89447	YP_001397706.1	25.455	55	39	1	99	153	191	243	1.8	28.1
NODE_1_length_328857_cov_4.694011:90935-91313	YP_001397814.1	100.000	125	0	0	1	125	1	125	7.36e-87	246
NODE_1_length_328857_cov_4.694011:91321-91873	NP_282219.1	97.283	184	3	2	1	183	1	183	1.76e-131	363
NODE_1_length_328857_cov_4.694011:91883-92144	ZP_01071002.1	29.167	48	30	1	25	68	37	84	0.38	26.6
NODE_1_length_328857_cov_4.694011:92204-94580	YP_063487.1	50.000	28	14	0	188	215	19	46	3.7	28.5
NODE_1_length_328857_cov_4.694011:94596-95244	YP_001398848.1	32.759	58	37	1	17	72	394	451	6.1	25.4
NODE_1_length_328857_cov_4.694011:95404-95794	YP_001000753.1	100.000	129	0	0	1	129	1	129	5.30e-92	259
NODE_1_length_328857_cov_4.694011:95793-96525	ZP_01069286.1	98.765	243	3	0	1	243	1	243	4.39e-177	484
NODE_1_length_328857_cov_4.694011:96521-96824	YP_179208.1	100.000	100	0	0	1	100	1	100	3.24e-66	192
NODE_1_length_328857_cov_4.694011:99966-100653	ZP_01069717.1	31.111	45	31	0	87	131	19	63	2.4	26.6
NODE_1_length_328857_cov_4.694011:104681-105584	YP_179461.1	32.759	58	37	1	161	218	212	267	3.7	26.6
NODE_1_length_328857_cov_4.694011:108101-108614	YP_001000593.1	56.522	23	9	1	1	23	32	53	6.2	24.6
NODE_1_length_328857_cov_4.694011:113593-113866	YP_001398638.1	43.333	30	17	0	34	63	193	222	9.2	22.7
NODE_1_length_328857_cov_4.694011:114144-115164	YP_001000684.1	39.130	46	25	1	64	109	94	136	1.5	28.5
NODE_1_length_328857_cov_4.694011:116737-117961	YP_001397395.1	34.043	47	30	1	28	74	13	58	3.4	27.7
NODE_1_length_328857_cov_4.694011:117970-118858	YP_001397925.1	27.010	311	187	10	1	286	1	296	1.84e-24	98.2
NODE_1_length_328857_cov_4.694011:118861-120583	NP_282247.1	98.778	573	7	0	1	573	1	573	0.0	1162
NODE_1_length_328857_cov_4.694011:120576-121014	NP_282248.1	97.931	145	3	0	1	145	1	145	9.79e-103	288
NODE_1_length_328857_cov_4.694011:121010-123086	NP_282249.1	98.987	691	7	0	1	691	1	691	0.0	1386
NODE_1_length_328857_cov_4.694011:123082-123901	YP_001482619.1	100.000	272	0	0	1	272	1	272	0.0	549
NODE_1_length_328857_cov_4.694011:123894-124122	YP_001000781.1	100.000	75	0	0	1	75	1	75	8.12e-48	143
NODE_1_length_328857_cov_4.694011:124118-124886	YP_001397783.1	98.039	255	5	0	1	255	1	255	0.0	501
NODE_1_length_328857_cov_4.694011:124882-125335	YP_001397782.1	99.333	150	1	0	1	150	1	150	1.19e-105	295
NODE_1_length_328857_cov_4.694011:125345-125948	YP_001397781.1	97.500	200	5	0	1	200	1	200	9.76e-145	398
NODE_1_length_328857_cov_4.694011:125947-126238	YP_001000785.1	100.000	96	0	0	1	96	1	96	2.57e-68	197
NODE_1_length_328857_cov_4.694011:126234-128364	YP_001482625.1	100.000	709	0	0	1	709	1	709	0.0	1410
NODE_1_length_328857_cov_4.694011:128338-128986	YP_001482626.1	100.000	215	0	0	1	215	1	215	9.78e-163	445
NODE_1_length_328857_cov_4.694011:129008-130298	YP_001397601.1	23.913	92	44	4	252	342	205	271	6.1	26.6
NODE_1_length_328857_cov_4.694011:131020-131380	YP_001397856.1	42.857	21	12	0	20	40	414	434	2.1	25.4
NODE_1_length_328857_cov_4.694011:131469-132267	YP_001398516.1	41.667	24	14	0	180	203	52	75	3.2	26.6
NODE_1_length_328857_cov_4.694011:132995-133613	ZP_01068945.1	45.455	22	12	0	99	120	267	288	9.4	24.6
NODE_1_length_328857_cov_4.694011:135550-136396	ZP_01070846.1	35.000	40	26	0	241	280	60	99	2.9	26.6
NODE_1_length_328857_cov_4.694011:136418-136811	YP_178296.1	47.059	17	9	0	56	72	11	27	9.7	23.5
NODE_1_length_328857_cov_4.694011:139590-140751	YP_179038.1	55.000	20	9	0	69	88	69	88	1.9	27.3
NODE_1_length_328857_cov_4.694011:146390-147320	YP_001397760.1	28.916	83	49	3	234	309	271	350	4.9	26.6
NODE_1_length_328857_cov_4.694011:150076-151063	ZP_03223591.1	30.000	70	44	3	224	288	59	128	7.5	25.8
NODE_1_length_328857_cov_4.694011:151121-151916	YP_178408.1	30.769	39	27	0	168	206	7	45	8.1	25.0
NODE_1_length_328857_cov_4.694011:151981-153010	YP_001482649.1	100.000	342	0	0	1	342	1	342	0.0	682
NODE_1_length_328857_cov_4.694011:153874-154576	YP_001482651.1	100.000	233	0	0	1	233	1	233	3.46e-172	471
NODE_1_length_328857_cov_4.694011:154586-155465	ZP_03222648.1	99.315	292	2	0	1	292	16	307	0.0	591
NODE_1_length_328857_cov_4.694011:155464-156496	ZP_03222649.1	100.000	343	0	0	1	343	1	343	0.0	699
NODE_1_length_328857_cov_4.694011:156498-156921	ZP_03222650.1	99.275	138	1	0	1	138	1	138	9.98e-99	277
NODE_1_length_328857_cov_4.694011:156942-157347	YP_001482654.1	45.600	125	68	0	3	127	2	126	1.75e-32	109
NODE_1_length_328857_cov_4.694011:157336-157780	NP_281924.1	43.902	82	39	2	58	138	87	162	3.46e-09	50.8
NODE_1_length_328857_cov_4.694011:157801-158329	YP_178160.1	26.230	61	42	1	99	156	52	112	1.1	26.9
NODE_1_length_328857_cov_4.694011:158625-159702	YP_001482658.1	98.452	323	5	0	1	323	1	323	0.0	651
NODE_1_length_328857_cov_4.694011:159698-160784	ZP_03222656.1	98.324	358	6	0	4	361	3	360	0.0	721
NODE_1_length_328857_cov_4.694011:163158-163932	YP_001482664.1	100.000	257	0	0	1	257	1	257	0.0	517
NODE_1_length_328857_cov_4.694011:163924-164881	YP_001482665.1	99.686	318	1	0	1	318	1	318	0.0	625
NODE_1_length_328857_cov_4.694011:164877-165837	YP_001482666.1	99.373	319	2	0	1	319	1	319	0.0	634
NODE_1_length_328857_cov_4.694011:167718-169218	YP_001482669.1	100.000	499	0	0	1	499	1	499	0.0	987
NODE_1_length_328857_cov_4.694011:170903-172289	YP_001398194.1	31.818	44	26	1	300	339	34	77	6.7	26.2
NODE_1_length_328857_cov_4.694011:173877-174180	YP_001001135.1	28.571	70	46	3	28	96	128	194	0.32	27.3
NODE_1_length_328857_cov_4.694011:176872-178171	YP_001482678.1	100.000	432	0	0	1	432	1	432	0.0	882
NODE_1_length_328857_cov_4.694011:178174-179704	YP_001482679.1	99.607	509	2	0	1	509	1	509	0.0	1036
NODE_1_length_328857_cov_4.694011:179700-180222	NP_281993.1	24.419	86	51	2	59	142	467	540	1.9	26.6
NODE_1_length_328857_cov_4.694011:180293-182393	ZP_01067231.1	31.707	41	28	0	581	621	204	244	2.1	28.9
NODE_1_length_328857_cov_4.694011:184425-185202	YP_001397459.1	29.091	55	38	1	8	61	365	419	2.6	26.9
NODE_1_length_328857_cov_4.694011:185268-186195	YP_001398440.1	25.733	307	195	10	3	293	2	291	6.12e-15	71.6
NODE_1_length_328857_cov_4.694011:186191-186794	ZP_03223527.1	34.286	35	23	0	8	42	193	227	9.6	24.6
NODE_1_length_328857_cov_4.694011:187112-188522	YP_001397658.1	27.907	43	24	1	194	236	375	410	8.3	26.6
NODE_1_length_328857_cov_4.694011:189993-190335	NP_282320.1	99.115	113	1	0	1	113	1	113	3.01e-72	208
NODE_1_length_328857_cov_4.694011:190334-190643	YP_179295.1	100.000	102	0	0	1	102	1	102	1.03e-65	191
NODE_1_length_328857_cov_4.694011:190660-192253	YP_001397928.1	30.645	62	40	2	201	261	317	376	0.42	30.8
NODE_1_length_328857_cov_4.694011:192264-192504	YP_001397467.1	30.769	26	18	0	15	40	249	274	4.8	23.1
NODE_1_length_328857_cov_4.694011:192505-193123	YP_999777.1	20.455	88	63	3	49	130	22	108	5.8	24.6
NODE_1_length_328857_cov_4.694011:197297-198089	YP_001397914.1	28.571	77	54	1	23	99	298	373	0.48	29.3
NODE_1_length_328857_cov_4.694011:201866-202370	ZP_01069571.1	25.424	59	41	1	79	134	357	415	2.0	26.2
NODE_1_length_328857_cov_4.694011:205691-206189	NP_282054.1	32.432	37	25	0	65	101	200	236	4.0	25.4
NODE_1_length_328857_cov_4.694011:206206-207586	YP_179582.1	27.119	177	100	8	109	276	309	465	9.1	26.2
NODE_1_length_328857_cov_4.694011:210789-212316	YP_001398046.1	36.842	57	28	3	211	259	103	159	0.99	29.6
NODE_1_length_328857_cov_4.694011:212312-213491	YP_001398855.1	29.167	72	50	1	7	77	598	669	0.53	30.0
NODE_1_length_328857_cov_4.694011:213500-214394	YP_001399001.1	34.783	23	15	0	201	223	95	117	4.5	26.2
NODE_1_length_328857_cov_4.694011:215926-216421	ZP_01067164.1	31.579	57	35	2	55	109	213	267	0.71	27.7
NODE_1_length_328857_cov_4.694011:216732-217725	YP_001397383.1	30.233	43	30	0	155	197	184	226	8.3	25.8
NODE_1_length_328857_cov_4.694011:217735-218506	ZP_03223500.1	58.661	254	102	2	6	256	4	257	4.52e-104	300
NODE_1_length_328857_cov_4.694011:218517-220782	ZP_01070988.1	99.735	754	2	0	1	754	1	754	0.0	1528
NODE_1_length_328857_cov_4.694011:220791-221640	YP_001482722.1	99.291	282	2	0	1	282	1	282	0.0	571
NODE_1_length_328857_cov_4.694011:221849-222530	YP_001482732.1	52.941	17	8	0	131	147	26	42	4.7	25.8
NODE_1_length_328857_cov_4.694011:224804-225362	ZP_01067542.1	36.000	50	30	2	20	69	458	505	1.6	26.9
NODE_1_length_328857_cov_4.694011:227553-228111	YP_001398003.1	30.303	165	108	2	12	172	16	177	1.45e-23	90.1
NODE_1_length_328857_cov_4.694011:230123-231506	YP_001001329.1	29.851	67	45	1	370	434	3	69	1.8	27.3
NODE_1_length_328857_cov_4.694011:231508-232234	YP_179391.1	38.000	50	28	2	47	94	386	434	3.3	26.6
NODE_1_length_328857_cov_4.694011:232355-233516	ZP_03222606.1	40.602	133	77	2	214	345	62	193	4.89e-27	105
NODE_1_length_328857_cov_4.694011:233512-233716	YP_178605.1	36.667	30	19	0	28	57	10	39	0.86	24.3
NODE_1_length_328857_cov_4.694011:234361-234973	ZP_03222351.1	34.211	38	20	1	167	204	326	358	4.9	25.8
NODE_1_length_328857_cov_4.694011:237683-237944	YP_001000894.1	100.000	86	0	0	1	86	1	86	6.25e-58	170
NODE_1_length_328857_cov_4.694011:237964-239602	YP_001482740.1	100.000	545	0	0	1	545	1	545	0.0	1073
NODE_1_length_328857_cov_4.694011:241640-242240	YP_001481641.1	72.864	199	54	0	1	199	1	199	7.16e-106	300
NODE_1_length_328857_cov_4.694011:242250-242622	NP_282475.1	31.667	60	35	2	16	69	126	185	1.9	25.4
NODE_1_length_328857_cov_4.694011:246490-247384	ZP_03223014.1	99.327	297	2	0	1	297	1	297	0.0	586
NODE_1_length_328857_cov_4.694011:247780-249406	YP_001000905.1	100.000	541	0	0	1	541	1	541	0.0	1066
NODE_1_length_328857_cov_4.694011:249415-249748	YP_001000906.1	99.091	110	1	0	1	110	1	110	1.66e-73	211
NODE_1_length_328857_cov_4.694011:249744-250365	YP_001482752.1	100.000	206	0	0	1	206	1	206	9.80e-155	424
NODE_1_length_328857_cov_4.694011:250420-252415	ZP_03222210.1	27.586	116	63	5	105	211	60	163	4.1	27.7
NODE_1_length_328857_cov_4.694011:252411-253233	ZP_03222606.1	39.837	123	70	3	147	266	65	186	6.65e-20	83.6
NODE_1_length_328857_cov_4.694011:253229-254180	YP_001398774.1	32.051	78	36	2	78	155	88	148	2.1	27.3
NODE_1_length_328857_cov_4.694011:254176-255151	YP_001483017.1	36.364	33	21	0	158	190	65	97	7.3	25.8
NODE_1_length_328857_cov_4.694011:255207-255981	NP_282385.1	97.665	257	6	0	1	257	1	257	0.0	505
NODE_1_length_328857_cov_4.694011:255977-257072	ZP_03223024.1	97.802	364	8	0	1	364	1	364	0.0	706
NODE_1_length_328857_cov_4.694011:257776-258976	YP_001398558.1	40.000	30	16	1	226	255	123	150	0.35	29.6
NODE_1_length_328857_cov_4.694011:259031-259352	YP_001398605.1	31.429	35	24	0	51	85	181	215	2.6	24.6
NODE_1_length_328857_cov_4.694011:259531-260554	YP_001397668.1	98.235	340	6	0	1	340	1	340	0.0	691
NODE_1_length_328857_cov_4.694011:260550-261453	YP_001397667.1	97.000	300	9	0	1	300	1	300	0.0	579
NODE_1_length_328857_cov_4.694011:262647-264450	YP_178881.1	28.788	66	37	3	242	307	95	150	7.9	26.2
NODE_1_length_328857_cov_4.694011:265075-266611	ZP_01072068.1	34.416	154	95	4	37	187	35	185	4.09e-18	84.7
NODE_1_length_328857_cov_4.694011:266696-268157	ZP_03222859.1	35.366	82	46	4	155	232	108	186	0.88	29.3
NODE_1_length_328857_cov_4.694011:268396-269647	YP_001398281.1	25.301	249	147	9	1	219	1	240	0.011	35.0
NODE_1_length_328857_cov_4.694011:269643-270096	ZP_03223036.1	100.000	150	0	0	1	150	1	150	4.92e-108	301
NODE_1_length_328857_cov_4.694011:270085-272134	NP_282399.1	99.413	682	4	0	1	682	1	682	0.0	1387
NODE_1_length_328857_cov_4.694011:272203-274363	ZP_01071608.1	44.118	34	19	0	655	688	285	318	0.004	37.7
NODE_1_length_328857_cov_4.694011:274359-274842	YP_179348.1	33.333	57	35	2	37	90	242	298	1.3	26.9
NODE_1_length_328857_cov_4.694011:274880-275543	ZP_01072126.1	24.561	57	41	1	132	186	117	173	2.3	26.6
NODE_1_length_328857_cov_4.694011:275560-276745	YP_001397402.1	35.714	42	27	0	52	93	230	271	9.6	25.8
NODE_1_length_328857_cov_4.694011:276798-277254	YP_179706.1	39.024	41	25	0	3	43	2	42	0.002	34.3
NODE_1_length_328857_cov_4.694011:277505-278783	YP_001000700.1	63.636	22	8	0	22	43	17	38	1.03e-04	38.1
NODE_1_length_328857_cov_4.694011:280175-280847	YP_179383.1	100.000	223	0	0	1	223	1	223	1.28e-165	453
NODE_1_length_328857_cov_4.694011:280843-282079	NP_282409.1	99.270	411	3	0	1	411	1	411	0.0	826
NODE_1_length_328857_cov_4.694011:282078-282651	NP_282410.1	98.421	190	3	0	1	190	1	190	6.56e-135	373
NODE_1_length_328857_cov_4.694011:283180-283873	ZP_01070196.1	48.000	25	13	0	170	194	233	257	2.8	26.6
NODE_1_length_328857_cov_4.694011:285601-286741	YP_001397854.1	19.608	51	41	0	120	170	242	292	1.8	28.1
NODE_1_length_328857_cov_4.694011:286860-288702	YP_179548.1	30.233	86	51	2	56	140	298	375	6.6	27.3
NODE_1_length_328857_cov_4.694011:292982-295178	YP_001398480.1	27.273	88	57	2	386	473	90	170	5.2	27.3
NODE_1_length_328857_cov_4.694011:295396-296116	YP_001398362.1	31.461	89	53	3	73	161	230	310	2.2	26.9
NODE_1_length_328857_cov_4.694011:298885-300064	YP_001398666.1	31.250	64	37	2	311	367	15	78	0.50	29.6
NODE_1_length_328857_cov_4.694011:300063-301296	YP_001397647.1	24.242	99	59	2	187	278	99	188	7.0	25.8
NODE_1_length_328857_cov_4.694011:302289-303390	ZP_01068988.1	23.183	289	180	8	91	348	99	376	2.12e-09	56.2
NODE_1_length_328857_cov_4.694011:303843-305187	NP_282429.1	99.553	447	2	0	1	447	1	447	0.0	875
NODE_1_length_328857_cov_4.694011:305197-305848	YP_001000959.1	99.537	216	1	0	1	216	1	216	1.38e-155	427
NODE_1_length_328857_cov_4.694011:305844-306516	ZP_03222240.1	36.364	22	14	0	42	63	138	159	9.9	25.0
NODE_1_length_328857_cov_4.694011:309837-310653	YP_001398361.1	30.952	84	54	3	171	253	295	375	1.1	28.1
NODE_1_length_328857_cov_4.694011:310690-312022	YP_001398658.1	33.333	36	24	0	248	283	39	74	0.38	30.4
NODE_1_length_328857_cov_4.694011:312627-313188	YP_001397388.1	42.308	26	15	0	33	58	492	517	2.1	26.6
NODE_1_length_328857_cov_4.694011:313236-314241	NP_282439.1	99.401	334	2	0	1	334	1	334	0.0	688
NODE_1_length_328857_cov_4.694011:314242-315373	ZP_01068237.1	99.734	376	1	0	1	376	1	376	0.0	760
NODE_1_length_328857_cov_4.694011:315365-315569	ZP_01069037.1	96.000	50	2	0	1	50	1	50	3.01e-30	107
NODE_1_length_328857_cov_4.694011:316668-317460	ZP_01069209.1	97.719	263	6	0	1	263	1	263	0.0	526
NODE_1_length_328857_cov_4.694011:317490-317721	ZP_01099285.1	98.684	76	1	0	1	76	1	76	1.00e-48	146
NODE_1_length_328857_cov_4.694011:317717-318611	ZP_01070771.1	24.615	130	78	5	109	237	80	190	0.020	33.9
NODE_1_length_328857_cov_4.694011:318603-319020	ZP_03222636.1	25.455	110	66	4	14	121	23	118	0.83	26.6
NODE_1_length_328857_cov_4.694011:319016-320579	ZP_01071059.1	98.654	520	7	0	1	520	1	520	0.0	1021
NODE_1_length_328857_cov_4.694011:320568-321630	ZP_03223081.1	98.584	353	5	0	1	353	1	353	0.0	711
NODE_1_length_328857_cov_4.694011:321629-321851	YP_179479.1	97.260	73	2	0	1	73	1	73	4.53e-46	139
NODE_1_length_328857_cov_4.694011:322351-323080	ZP_01100919.1	30.952	42	29	0	157	198	312	353	3.6	26.2
NODE_1_length_328857_cov_4.694011:323159-323858	NP_282457.1	99.569	232	1	0	1	232	1	232	4.52e-175	478
NODE_1_length_328857_cov_4.694011:323841-324666	NP_282458.1	99.635	274	1	0	1	274	1	274	0.0	552
NODE_1_length_328857_cov_4.694011:324662-325136	YP_179493.1	98.726	157	2	0	1	157	1	157	2.61e-114	318
NODE_1_length_328857_cov_4.694011:325100-325847	YP_179493.1	100.000	11	0	0	1	11	147	157	0.61	28.1
NODE_1_length_328857_cov_4.694011:326449-327586	ZP_01099451.1	23.077	78	60	0	236	313	157	234	1.4	28.1
NODE_2_length_235514_cov_4.705178:1693-1879	YP_178966.1	32.353	34	22	1	5	37	92	125	1.5	23.9
NODE_2_length_235514_cov_4.705178:9333-10323	YP_001481900.1	35.000	60	36	1	230	286	111	170	5.5	25.8
NODE_2_length_235514_cov_4.705178:10326-11106	ZP_01072064.1	37.931	29	18	0	21	49	111	139	9.2	25.0
NODE_2_length_235514_cov_4.705178:11106-11946	YP_001397420.1	37.500	32	20	0	8	39	49	80	0.059	31.6
NODE_2_length_235514_cov_4.705178:12748-14074	YP_001398384.1	37.500	48	27	1	238	285	239	283	1.6	28.5
NODE_2_length_235514_cov_4.705178:14084-15131	YP_001398798.1	29.293	99	62	3	182	273	212	309	8.7	25.8
NODE_2_length_235514_cov_4.705178:15247-16231	YP_001397910.1	23.469	98	69	2	224	316	137	233	0.33	30.0
NODE_2_length_235514_cov_4.705178:16251-16794	YP_001398115.1	30.556	72	37	3	68	138	231	290	0.097	30.4
NODE_2_length_235514_cov_4.705178:16790-16976	YP_001483085.1	36.667	30	19	0	13	42	89	118	0.76	24.6
NODE_2_length_235514_cov_4.705178:17102-18290	NP_281895.1	98.734	395	5	0	1	395	1	395	0.0	778
NODE_2_length_235514_cov_4.705178:18286-19102	NP_281894.1	98.155	271	5	0	1	271	1	271	0.0	533
NODE_2_length_235514_cov_4.705178:20407-21040	ZP_01069022.1	31.683	101	52	5	115	199	111	210	0.20	30.0
NODE_2_length_235514_cov_4.705178:26782-27196	ZP_01068270.1	27.083	48	35	0	5	52	130	177	7.2	24.3
NODE_2_length_235514_cov_4.705178:27328-27685	NP_282712.1	27.273	55	40	0	33	87	410	464	1.8	25.8
NODE_2_length_235514_cov_4.705178:28396-28936	YP_001482524.1	29.412	68	47	1	3	69	4	71	0.85	27.3
NODE_2_length_235514_cov_4.705178:28928-29171	YP_179323.1	30.909	55	35	1	14	65	53	107	1.9	24.3
NODE_2_length_235514_cov_4.705178:29173-29401	YP_001397919.1	29.630	27	19	0	7	33	117	143	1.7	24.3
NODE_2_length_235514_cov_4.705178:30870-31623	NP_282063.1	24.590	122	63	5	44	154	19	122	3.6	26.2
NODE_2_length_235514_cov_4.705178:33483-34209	ZP_01069015.1	26.000	50	37	0	111	160	291	340	4.5	26.2
NODE_2_length_235514_cov_4.705178:34195-35059	YP_001482012.1	25.000	52	39	0	15	66	14	65	2.6	26.9
NODE_2_length_235514_cov_4.705178:35616-36111	ZP_01069584.1	29.825	57	38	2	13	68	14	69	6.0	24.3
NODE_2_length_235514_cov_4.705178:38259-39690	YP_001398176.1	28.947	38	27	0	119	156	18	55	4.3	26.9
NODE_2_length_235514_cov_4.705178:39755-40547	YP_001397908.1	25.424	59	43	1	117	175	63	120	6.4	25.8
NODE_2_length_235514_cov_4.705178:40575-41388	YP_179137.1	31.148	61	32	2	189	239	66	126	3.3	26.6
NODE_2_length_235514_cov_4.705178:45710-46643	YP_001398362.1	96.452	310	11	0	1	310	1	310	0.0	613
NODE_2_length_235514_cov_4.705178:46642-47581	YP_001398363.1	89.423	312	9	2	1	312	1	288	0.0	501
NODE_2_length_235514_cov_4.705178:47568-48060	NP_281491.1	34.884	43	26	1	52	92	84	126	6.4	24.6
NODE_2_length_235514_cov_4.705178:48130-49318	YP_001000689.1	40.426	47	26	2	6	51	87	132	6.6	26.6
NODE_2_length_235514_cov_4.705178:49331-50834	YP_179256.1	29.885	87	54	3	333	412	257	343	5.9	26.9
NODE_2_length_235514_cov_4.705178:50926-51625	YP_001398433.1	50.000	20	10	0	141	160	5	24	4.4	24.6
NODE_2_length_235514_cov_4.705178:51654-52728	ZP_01069588.1	29.630	54	36	2	298	350	158	210	0.21	30.8
NODE_2_length_235514_cov_4.705178:52850-53375	ZP_01070157.1	72.189	169	47	0	4	172	1	169	6.60e-90	258
NODE_2_length_235514_cov_4.705178:56247-56877	ZP_01099402.1	29.577	71	43	2	1	70	1	65	0.17	29.3
NODE_2_length_235514_cov_4.705178:56936-57221	NP_282443.1	35.417	48	30	1	42	89	16	62	0.22	27.3
NODE_2_length_235514_cov_4.705178:58975-59281	YP_178296.1	85.057	87	13	0	1	87	54	140	1.40e-47	152
NODE_2_length_235514_cov_4.705178:59965-60739	YP_001482217.1	100.000	257	0	0	1	257	1	257	0.0	539
NODE_2_length_235514_cov_4.705178:60791-61553	YP_001482216.1	100.000	253	0	0	1	253	1	253	0.0	528
NODE_2_length_235514_cov_4.705178:61567-63907	YP_001482215.1	100.000	779	0	0	1	779	1	779	0.0	1581
NODE_2_length_235514_cov_4.705178:63897-64500	YP_001482214.1	99.500	200	1	0	1	200	1	200	1.28e-147	405
NODE_2_length_235514_cov_4.705178:65252-67106	YP_179733.1	34.694	49	31	1	3	51	24	71	3.9	26.9
NODE_2_length_235514_cov_4.705178:67521-67764	YP_001397965.1	23.077	78	52	2	3	72	64	141	2.7	23.9
NODE_2_length_235514_cov_4.705178:67753-67984	ZP_01072308.1	34.375	32	18	1	25	56	72	100	3.1	23.5
NODE_2_length_235514_cov_4.705178:68137-70111	YP_001397800.1	24.852	169	114	6	383	545	610	771	9.77e-06	46.2
NODE_2_length_235514_cov_4.705178:80292-80700	ZP_03222606.1	35.294	17	11	0	82	98	73	89	4.5	24.6
NODE_2_length_235514_cov_4.705178:81096-82317	YP_001398269.1	27.536	69	48	1	8	74	26	94	0.79	29.3
NODE_2_length_235514_cov_4.705178:82329-82773	YP_178775.1	98.639	147	2	0	1	147	1	147	7.79e-101	283
NODE_2_length_235514_cov_4.705178:82772-83315	YP_001000363.1	100.000	180	0	0	1	180	1	180	6.14e-132	364
NODE_2_length_235514_cov_4.705178:83311-84631	YP_001482194.1	100.000	439	0	0	1	439	1	439	0.0	870
NODE_2_length_235514_cov_4.705178:84627-85503	YP_001398383.1	95.189	291	14	0	1	291	1	291	0.0	536
NODE_2_length_235514_cov_4.705178:85489-86596	YP_001482192.1	100.000	367	0	0	2	368	1	367	0.0	709
NODE_2_length_235514_cov_4.705178:86588-87137	YP_001482191.1	100.000	182	0	0	1	182	1	182	7.88e-126	349
NODE_2_length_235514_cov_4.705178:87263-88793	YP_001398387.1	61.858	506	188	1	3	503	2	507	0.0	645
NODE_2_length_235514_cov_4.705178:88964-90518	YP_001398388.1	98.641	515	7	0	3	517	2	516	0.0	1013
NODE_2_length_235514_cov_4.705178:90533-92324	YP_001398719.1	64.706	17	6	0	317	333	574	590	1.3	29.6
NODE_2_length_235514_cov_4.705178:94744-95341	NP_281835.1	20.253	79	63	0	100	178	458	536	8.9	24.6
NODE_2_length_235514_cov_4.705178:95337-95799	YP_179160.1	32.353	34	23	0	68	101	85	118	8.4	23.9
NODE_2_length_235514_cov_4.705178:96780-97608	ZP_01070548.1	25.263	95	57	2	68	162	564	644	2.4	27.3
NODE_2_length_235514_cov_4.705178:97567-98686	NP_282230.1	23.611	72	53	1	28	97	52	123	1.2	28.5
NODE_2_length_235514_cov_4.705178:99491-100736	YP_178507.1	26.154	65	43	1	20	79	50	114	0.59	30.0
NODE_2_length_235514_cov_4.705178:103315-105067	YP_001398402.1	98.628	583	8	0	1	583	1	583	0.0	1186
NODE_2_length_235514_cov_4.705178:105063-105642	YP_001398403.1	98.958	192	2	0	1	192	1	192	7.73e-141	388
NODE_2_length_235514_cov_4.705178:105651-106170	ZP_01068133.1	28.916	83	49	2	28	110	13	85	4.9	25.0
NODE_2_length_235514_cov_4.705178:106210-106708	YP_001481744.1	37.500	32	19	1	47	77	427	458	3.2	25.8
NODE_2_length_235514_cov_4.705178:108894-109977	YP_001397585.1	28.788	66	42	2	116	176	158	223	2.2	27.7
NODE_2_length_235514_cov_4.705178:109980-111003	YP_001398384.1	31.579	38	26	0	271	308	330	367	9.6	25.4
NODE_2_length_235514_cov_4.705178:111121-113056	YP_001398410.1	96.273	644	24	0	1	644	1	644	0.0	1265
NODE_2_length_235514_cov_4.705178:113048-114014	YP_001398411.1	95.950	321	13	0	1	321	1	321	0.0	607
NODE_2_length_235514_cov_4.705178:115330-116422	ZP_03222657.1	33.333	24	16	0	182	205	288	311	3.8	26.9
NODE_2_length_235514_cov_4.705178:116405-116687	YP_001001069.1	50.000	26	13	0	2	27	661	686	1.7	25.0
NODE_2_length_235514_cov_4.705178:119669-121190	YP_001482393.1	34.615	52	32	2	247	298	1	50	0.85	29.3
NODE_2_length_235514_cov_4.705178:121854-123171	ZP_03223478.1	44.444	27	15	0	392	418	183	209	2.6	27.7
NODE_2_length_235514_cov_4.705178:123173-125615	YP_001000478.1	32.143	84	43	4	437	519	3	73	0.82	30.4
NODE_2_length_235514_cov_4.705178:125686-126427	ZP_01071331.1	30.556	36	25	0	26	61	5	40	4.1	26.2
NODE_2_length_235514_cov_4.705178:127508-128423	YP_001398985.1	28.000	25	18	0	111	135	171	195	4.8	26.2
NODE_2_length_235514_cov_4.705178:129607-130111	YP_001398829.1	24.691	81	55	2	81	160	60	135	1.2	26.9
NODE_2_length_235514_cov_4.705178:130153-131530	YP_001000313.1	99.563	458	2	0	1	458	1	458	0.0	904
NODE_2_length_235514_cov_4.705178:131530-132541	YP_178725.1	99.405	336	2	0	1	336	1	336	0.0	676
NODE_2_length_235514_cov_4.705178:132527-133706	YP_001000311.1	99.490	392	2	0	1	392	1	392	0.0	783
NODE_2_length_235514_cov_4.705178:139455-140337	YP_001398322.1	22.785	79	52	2	117	194	174	244	0.27	30.0
NODE_2_length_235514_cov_4.705178:140431-142135	YP_001000304.1	100.000	567	0	0	1	567	1	567	0.0	1121
NODE_2_length_235514_cov_4.705178:142131-142800	YP_001000303.1	100.000	222	0	0	1	222	1	222	8.72e-167	456
NODE_2_length_235514_cov_4.705178:142850-144194	YP_001000609.1	32.088	455	278	13	8	447	6	444	1.27e-53	183
NODE_2_length_235514_cov_4.705178:145047-146001	YP_001398423.1	22.549	102	74	2	15	111	26	127	2.4	26.6
NODE_2_length_235514_cov_4.705178:147534-148599	YP_001482669.1	40.541	37	22	0	214	250	432	468	5.9	26.6
NODE_2_length_235514_cov_4.705178:149500-150127	YP_001482133.1	100.000	208	0	0	1	208	1	208	5.06e-156	427
NODE_2_length_235514_cov_4.705178:150123-150774	YP_001482132.1	100.000	216	0	0	1	216	1	216	1.47e-160	440
NODE_2_length_235514_cov_4.705178:151475-151916	YP_001482130.1	100.000	146	0	0	1	146	1	146	1.37e-102	287
NODE_2_length_235514_cov_4.705178:151912-152128	YP_001482129.1	100.000	71	0	0	1	71	1	71	4.54e-51	151
NODE_2_length_235514_cov_4.705178:152117-152825	YP_001398460.1	28.571	49	34	1	85	132	365	413	6.2	25.4
NODE_2_length_235514_cov_4.705178:155377-157321	YP_001398172.1	30.357	112	62	3	416	523	36	135	0.96	29.6
NODE_2_length_235514_cov_4.705178:159607-160810	YP_999754.1	38.636	44	26	1	62	104	723	766	8.9	26.2
NODE_2_length_235514_cov_4.705178:160811-161282	YP_001000973.1	26.549	113	70	5	44	146	3	112	0.075	30.4
NODE_2_length_235514_cov_4.705178:161381-162449	YP_179065.1	31.361	169	98	5	1	158	46	207	7.91e-16	75.9
NODE_2_length_235514_cov_4.705178:165624-166089	YP_179161.1	23.913	92	62	3	9	96	84	171	4.7	24.6
NODE_2_length_235514_cov_4.705178:166085-167786	YP_178382.1	19.048	63	43	1	261	315	265	327	4.7	27.7
NODE_2_length_235514_cov_4.705178:168258-169278	YP_001398273.1	34.286	35	23	0	34	68	64	98	3.8	26.9
NODE_2_length_235514_cov_4.705178:171521-171827	ZP_01100682.1	25.000	56	40	1	11	66	490	543	3.4	24.3
NODE_2_length_235514_cov_4.705178:171833-172091	ZP_03223539.1	43.333	30	15	1	1	28	35	64	5.3	23.1
NODE_2_length_235514_cov_4.705178:173069-174752	NP_282774.1	36.207	58	26	2	181	228	30	86	0.24	31.6
NODE_2_length_235514_cov_4.705178:175024-175585	YP_001397629.1	38.462	39	21	1	116	151	132	170	9.3	24.6
NODE_2_length_235514_cov_4.705178:178184-179513	NP_281351.1	23.129	147	88	5	207	344	193	323	9.1	26.2
NODE_2_length_235514_cov_4.705178:180725-181958	ZP_03222565.1	27.632	76	36	2	188	245	241	315	1.8	28.1
NODE_2_length_235514_cov_4.705178:185255-186260	ZP_01070556.1	44.000	25	14	0	279	303	85	109	1.2	28.5
NODE_2_length_235514_cov_4.705178:188060-188630	ZP_03223520.1	33.333	78	48	2	43	119	21	95	0.046	31.6
NODE_2_length_235514_cov_4.705178:191646-192012	NP_281491.1	36.364	44	21	3	2	41	184	224	0.79	26.6
NODE_2_length_235514_cov_4.705178:192168-193971	NP_281966.1	35.556	45	27	1	470	512	23	67	7.0	26.9
NODE_2_length_235514_cov_4.705178:194887-195277	YP_001398798.1	37.500	32	18	1	9	38	370	401	0.39	27.7
NODE_2_length_235514_cov_4.705178:200112-200670	YP_178926.1	26.923	52	37	1	89	139	178	229	5.2	25.4
NODE_2_length_235514_cov_4.705178:200666-201512	YP_001398880.1	29.412	34	24	0	237	270	32	65	6.1	25.4
NODE_2_length_235514_cov_4.705178:201512-202637	YP_001397841.1	22.485	169	113	6	8	173	14	167	1.4	28.1
NODE_2_length_235514_cov_4.705178:202645-202957	YP_001398737.1	28.205	39	28	0	18	56	12	50	2.8	24.6
NODE_2_length_235514_cov_4.705178:202970-203840	YP_179484.1	46.154	26	12	1	152	175	73	98	4.9	26.2
NODE_2_length_235514_cov_4.705178:211799-212231	YP_001000228.1	100.000	143	0	0	1	143	1	143	5.06e-105	293
NODE_2_length_235514_cov_4.705178:212240-212735	YP_001482064.1	100.000	164	0	0	1	164	1	164	7.08e-121	335
NODE_2_length_235514_cov_4.705178:214849-216619	NP_281353.1	32.500	40	27	0	116	155	161	200	0.73	30.0
NODE_2_length_235514_cov_4.705178:217370-219197	YP_001398650.1	34.146	41	20	1	542	582	41	74	5.8	26.9
NODE_2_length_235514_cov_4.705178:220304-221501	YP_001397456.1	38.636	44	22	2	173	216	141	179	2.9	27.7
NODE_2_length_235514_cov_4.705178:221497-222145	YP_001482962.1	40.541	37	21	1	176	212	72	107	2.7	26.6
NODE_2_length_235514_cov_4.705178:222400-223111	YP_001398431.1	34.211	38	25	0	115	152	249	286	0.028	32.7
NODE_2_length_235514_cov_4.705178:223112-224432	YP_001397997.1	23.469	98	72	1	72	169	4	98	8.3	26.2
NODE_2_length_235514_cov_4.705178:224564-224855	YP_179494.1	23.288	73	48	4	24	93	27	94	2.5	24.6
NODE_2_length_235514_cov_4.705178:224966-227540	YP_001000786.1	50.173	289	135	2	149	436	128	408	4.03e-83	279
NODE_2_length_235514_cov_4.705178:229495-230047	YP_001481929.1	31.707	41	27	1	59	99	74	113	7.9	24.6
NODE_2_length_235514_cov_4.705178:230046-232575	YP_001398658.1	25.000	96	46	3	530	625	130	199	4.2	28.1
